
# Criteria Matrix using the experts input for relative Importance

[   , C-1, C-2, C-3, C-4, C-5, C-6, C-7, C-8, C-9],
[C-1, 1, 2, 3, 5, 7, 1/5, 8, 1/2, 1/3],
[C-2, 1/2, 1, 1/4, 1/3, 7, 1/6, 1/2, 8, 3],
[C-3, 1/3, 4, 1, 1/2, 1/3, 4, 5, 1/2, 1/3],
[C-4, 1/5, 3, 2, 1, 1/7, 1/5, 5, 1/4, 8],
[C-5, 1/7, 1/7, 3, 7, 1, 1/3, 4, 1/3, 8],
[C-6, 5, 6, 1/4, 5, 3, 1, 1/2, 1/5, 1/7],
[C-7, 1/8, 2, 1/5, 1/5, 1/4, 2, 1, 1/3, 5],
[C-8, 2, 1/8, 2, 4, 3, 5, 3, 1, 3],
[C-9, 3, 1/3, 3, 1/8, 1/8, 7, 1/5, 1/3, 1]

criteriaMatrix = [[1, 2, 3, 5, 7, 1/5, 8, 1/2, 1/3],
                  [1/2, 1, 1/4, 1/3, 7, 1/6, 1/2, 8, 3],
                  [1/3, 4, 1, 1/2, 1/3, 4, 5, 1/2, 1/3],
                  [1/5, 3, 2, 1, 1/7, 1/5, 5, 1/4, 8],
                  [1/7, 1/7, 3, 7, 1, 1/3, 4, 1/3, 8],
                  [5, 6, 1/4, 5, 3, 1, 1/2, 1/5, 1/7],
                  [1/8, 2, 1/5, 1/5, 1/4, 2, 1, 1/3, 5],
                  [2, 1/8, 2, 4, 3, 5, 3, 1, 3],
                  [3, 1/3, 3, 1/8, 1/8, 7, 1/5, 1/3, 1]]


# calculated weight using AHP method, 1-based indexing
weights = [1, 0.163, 0.098, 0.101, 0.093, 0.11, 0.11, 0.061, 0.195, 0.068]


# Ranking after calculating weight using AHP and running ABAC method
[4, 22.6, 14.2, 5.9, 18500, 26000, 2400, 20000, 5500, 21031]
[2, 23.0, 15.0, 5.0, 17600, 77162, 1305, 18000, 3400, 18288]
[11, 20.6, 13.3, 4.3, 13100, 23330, 2335, 19800, 4500, 18000]
[7, 18.92, 13.56, 5.02, 14514, 24947, 2574, 15240, 3218, 21000]
[15, 19.0, 13.5, 5.0, 14150, 27215, 2400, 20000, 3200, 15240]
[9, 19.81, 13.87, 5.0, 14000, 25500, 2350, 20000, 3000, 13868]
[6, 16.8, 11.2, 4.8, 10000, 23000, 2500, 19800, 3800, 18288]
[14, 22.0, 14.2, 6.05, 18500, 37000, 2600, 20000, 5000, 361]
[13, 15.0, 10.0, 5.0, 16400, 23400, 1300, 18000, 4000, 21336]
[8, 15.37, 10.65, 5.28, 13155, 31800, 1930, 15240, 2220, 12190]
[3, 13.2, 8.2, 4.4, 22700, 36000, 2205, 15250, 1000, 13716]
[5, 15.5, 8.0, 4.08, 9700, 9000, 1500, 15000, 2000, 7620]
[10, 14.2, 9.1, 4.5, 8900, 13000, 2570, 15250, 750, 13716]
[1, 14.15, 10.0, 4.0, 3250, 5500, 1300, 15240, 1840, 10211]
[12, 14.0, 10.0, 4.0, 3200, 5000, 1200, 15000, 1750, 10058]

# Alternative and its Ranking 
[Rank, Alternative, C-1, C-2, C-3, C-4, C-5, C-6, C-7, C-8, C-9]
[1, 4, 22.6, 14.2, 5.9, 18500, 26000, 2400, 20000, 5500, 21031]
[2, 2, 23.0, 15.0, 5.0, 17600, 77162, 1305, 18000, 3400, 18288]
[3, 11, 20.6, 13.3, 4.3, 13100, 23330, 2335, 19800, 4500, 18000]
[4, 7, 18.92, 13.56, 5.02, 14514, 24947, 2574, 15240, 3218, 21000]
[5, 15, 19.0, 13.5, 5.0, 14150, 27215, 2400, 20000, 3200, 15240]
[6, 9, 19.81, 13.87, 5.0, 14000, 25500, 2350, 20000, 3000, 13868]
[7, 6, 16.8, 11.2, 4.8, 10000, 23000, 2500, 19800, 3800, 18288]
[8, 14, 22.0, 14.2, 6.05, 18500, 37000, 2600, 20000, 5000, 361]
[9, 13, 15.0, 10.0, 5.0, 16400, 23400, 1300, 18000, 4000, 21336]
[10, 8, 15.37, 10.65, 5.28, 13155, 31800, 1930, 15240, 2220, 12190]
[11, 3, 13.2, 8.2, 4.4, 22700, 36000, 2205, 15250, 1000, 13716]
[12, 5, 15.5, 8.0, 4.08, 9700, 9000, 1500, 15000, 2000, 7620]
[13, 10, 14.2, 9.1, 4.5, 8900, 13000, 2570, 15250, 750, 13716]
[14, 1, 14.15, 10.0, 4.0, 3250, 5500, 1300, 15240, 1840, 10211]
[15, 12, 14.0, 10.0, 4.0, 3200, 5000, 1200, 15000, 1750, 10058]
